0.72
0,4,1678880603
0,4,2175552743
0,4,2061680723
0,4,1469174690
4,0,1989490931
4,0,1553458859
4,0,2051224930
0,4,2049461606
4,0,1975100971
4,0,2059900231
4,0,1995335542
0,4,1880486592
4,0,1984393203
4,0,1969594766
4,0,2067445015
4,0,2211351615
0,4,2191433897
0,4,1795959733
4,0,1977641795
4,0,1968149051
4,0,2298766834
0,4,1964588954
0,4,2179106755
4,0,2017349405
0,4,1836206648
0,4,2052119660
0,4,1793706336
4,0,1752124791
0,4,1685218362
4,0,1573392336
0,4,1880458216
4,0,2012557382
0,4,2012276128
4,0,2065108634
4,0,2225758631
4,0,1792538135
0,4,1678492947
4,0,2235214993
4,0,2176477147
4,0,2261700276
0,4,2060187656
4,0,2054590838
4,0,1969494477
0,4,2017194237
0,4,2002524431
4,0,2266129775
4,0,1969718774
0,4,2006532087
0,4,2002833024
4,0,2174728297
4,0,2054199041
4,0,2325910133
4,0,2325050123
4,0,2190875744
4,0,2175494955
4,0,2190825460
0,4,2051317114
4,0,1985820444
0,4,2063413171
0,4,2070269238
4,0,1557562479
0,4,1558792776
4,0,1833566597
4,0,2239703480
4,0,2204819292
4,0,2055322852
4,0,1753431870
4,0,1550838931
4,0,1969464607
0,4,1996066741
4,0,2053543748
0,4,1956421114
0,4,1827648079
0,4,2000671213
4,0,1558972513
4,0,2206900215
4,0,2006624731
0,4,2001076939
0,4,1990447518
0,4,2058930753
4,0,2243881261
4,0,2070183042
0,4,2062399417
0,4,2189605228
0,4,1551242276
0,4,1828040051
4,0,2299389736
0,4,1974741993
4,0,2232117234
4,0,2061803402
0,4,1988770562
4,0,1981343052
4,0,2226215344
0,4,2176277100
4,0,1983127514
4,0,1978805659
4,0,2230582898
4,0,1989568749
4,0,2259414426
4,0,2061891319
4,0,2252940766
4,0,2192834809
0,4,2062893215
4,0,2060423355
4,0,2192301300
0,4,1553584021
4,0,1880538473
4,0,1932993159
0,4,1971513366
4,0,2243049546
4,0,2197414287
4,0,1685824606
0,4,1754524035
4,0,2222282541
4,0,1979678900
4,0,1990470853
4,0,2202694750
0,4,1979295924
0,4,2180849131
0,4,1977704286
4,0,2013410894
0,4,2188820943
4,0,1752443716
4,0,2238009248
0,4,1555729487
0,4,1695657091
0,4,2175843088
4,0,2254841100
4,0,2193249124
0,4,1993665707
4,0,1985693275
0,4,2060924768
4,0,2239278142
4,0,2260205492
4,0,2197687359
4,0,2259935463
4,0,2259554770
4,0,2190832397
4,0,1832864379
0,4,1982049837
0,4,1980254470
0,4,2070346506
4,0,2218737777
4,0,2185353107
4,0,1677370967
4,0,1965996982
4,0,1979863245
0,4,2003317043
4,0,1564950540
4,0,2217793754
0,4,1996420073
0,4,1836456373
4,0,1975655102
4,0,2247445403
4,0,1881551900
4,0,2259825671
4,0,2323036659
0,4,1964545474
4,0,2259896633
4,0,1992975233
4,0,2188228673
0,4,1573718285
0,4,2060923067
4,0,2299667383
0,4,2068038111
0,4,1754790896
0,4,1825559196
4,0,1687360159
0,4,2191805187
4,0,1979308882
0,4,2031448467
0,4,1755443052
0,4,1978989850
4,0,2191279856
0,4,1694533257
4,0,2322447449
0,4,2062290214
4,0,1981443860
0,4,1979558827
4,0,2250675995
4,0,2228024940
0,4,1558343258
4,0,2230091004
0,4,1966596581
0,4,1694882523
4,0,2015627378
4,0,2249909156
0,4,1685573214
0,4,1990841329
4,0,1998407055
4,0,2211434604
4,0,2234218569
0,4,2192769504
4,0,2249705150
4,0,2203664869
0,4,2061473271
0,4,2071945748
4,0,1997009055
0,4,1834535400
0,4,2018732908
4,0,2323712175
4,0,2012627762
4,0,2301201253
0,4,2017685208
4,0,2001240698
0,4,1693533756
4,0,2191998716
4,0,1834605969
4,0,1992871959
0,4,2190751703
4,0,2209729753
4,0,2286021485
4,0,2204778709
4,0,2180952604
4,0,2260599722
4,0,1997057140
0,4,1468556115
4,0,1686700182
4,0,2181117906
0,4,1753238091
4,0,1754696920
0,4,2060528023
4,0,2007086355
4,0,2247904905
4,0,2181320972
4,0,1791791919
4,0,2054092240
4,0,2176289936
4,0,1752524436
4,0,1980230686
4,0,2053710078
4,0,2210282712
4,0,1989758245
0,4,2015163696
0,4,2177881704
0,4,1881517208
0,4,2187320020
4,0,2063169338
4,0,1752767220
4,0,2224977656
4,0,2050955778
4,0,1972729453
4,0,2006530571
0,4,2058008953
0,4,1970195826
4,0,2248780597
4,0,1974996124
4,0,2205857831
0,4,2185487113
0,4,1932276847
0,4,1990009406
4,0,2264228194
4,0,1976366758
4,0,2213257329
0,4,2185897138
4,0,1961044058
4,0,2324101469
0,4,1834543876
4,0,2194155386
0,4,1966839231
0,4,1677504257
0,4,2065625176
4,0,1975619383
4,0,1823808919
0,4,2058181085
0,4,1793987031
4,0,2202326485
4,0,2327318381
0,4,2064168025
0,4,1827487171
0,4,2004305396
4,0,2265414609
4,0,1573580743
4,0,1961257112
4,0,1753954930
0,4,2187730183
4,0,2244563853
4,0,1990788016
4,0,2298765694
0,4,1995956924
4,0,2257008759
0,4,1971970362
0,4,1961355870
0,4,1981969904
0,4,1990524894
4,0,1980980441
4,0,1969576118
0,4,1469504712
4,0,2065175912
0,4,2047391062
0,4,1468653891
4,0,2301290325
4,0,2259576394
4,0,1957119110
4,0,2175714348
4,0,2175914463
0,4,2187794912
4,0,1932858264
4,0,2064182414
4,0,2254538889
0,4,2054918386
0,4,1999708883
4,0,1760272761
4,0,1835350097
4,0,2191150710
4,0,2013653469
0,4,2067315849
4,0,2206626625
0,4,1824181707
4,0,1692600037
4,0,2197706460
4,0,2228916143
4,0,2039652474
0,4,2187664371
4,0,2264520267
0,4,1969964448
0,4,1982248051
0,4,2063803775
4,0,1556967881
4,0,2300526291
0,4,1978971910
4,0,1677402065
4,0,2324794742
0,4,2193153389
0,4,1972226044
0,4,1687042965
0,4,1755842151
0,4,2190832566
0,4,1981390181
0,4,1834661351
4,0,1559940226
4,0,1969158469
4,0,2323428386
0,4,1753518278
0,4,2017704222
0,4,2048010284
0,4,2061667449
4,0,1981103582
4,0,1676752163
0,4,2048031475
4,0,2322074674
4,0,2001696507
0,4,1968956230
4,0,2048381138
0,4,2182479719
0,4,1882268773
4,0,2209145747
0,4,1881542792
4,0,2205413409
0,4,1975740156
4,0,2062099652
4,0,2204003741
4,0,1680165161
4,0,1997369236
4,0,1681104872
0,4,2191530673
4,0,1880782217
4,0,1995928037
0,4,1836134023
4,0,1978704138
0,4,2058111303
4,0,2183834443
4,0,2067917166
0,4,1880904154
0,4,2058860623
4,0,2224159788
0,4,2013974188
0,4,1793776408
0,4,1968862893
4,0,2223989807
4,0,1565720688
0,4,2185379003
4,0,1967342030
0,4,2048516472
4,0,2219412081
4,0,2250025486
0,4,1833986077
4,0,2222177875
0,4,1975408857
4,0,2064575078
4,0,2058356594
0,4,2063769679
4,0,1881150585
4,0,2241540513
0,4,2189038631
4,0,2072038730
0,4,1977134499
0,4,2044005644
4,0,1556595537
4,0,1985866989
4,0,2063149440
4,0,2046185039
0,4,1980433807
4,0,2213782005
0,4,1956211993
4,0,2181966852
4,0,1973730219
0,4,2063572918
4,0,2004286411
4,0,2190764594
4,0,2003493750
4,0,2296997363
4,0,2059935066
4,0,1997261281
4,0,2217030191
4,0,2175238269
4,0,2066780932
0,4,2047902007
0,4,1969440099
4,0,1981161655
0,4,1995191483
4,0,1694873919
4,0,1972913509
0,4,1970716781
0,4,1965638677
0,4,2003792939
4,0,2031171128
4,0,1981127497
0,4,2009989333
4,0,1965949112
0,4,1881580411
4,0,2014730504
4,0,2295556871
4,0,2065672240
4,0,2012926711
4,0,1468416968
0,4,1693631521
4,0,1760069536
0,4,1833965499
4,0,2067503040
0,4,2186247335
4,0,1991207984
0,4,2002901706
4,0,2326560021
0,4,1553584195
0,4,2047296850
0,4,1962678655
0,4,2045107513
4,0,2254160836
4,0,1966734163
4,0,1676445454
0,4,1989832354
4,0,1834617869
0,4,2051645543
4,0,2322753794
4,0,2230033326
4,0,2237125463
4,0,2054983979
4,0,2175595552
4,0,2016932251
0,4,1678336120
4,0,1960325556
4,0,1686849243
0,4,2018011913
4,0,1685566195
4,0,2258635834
4,0,2185058173
4,0,2214359297
0,4,1982835826
4,0,2016320660
4,0,2186588838
4,0,1693935567
4,0,2048427770
4,0,2050405738
0,4,2190011510
4,0,1752697690
4,0,2054970738
0,4,1792481006
0,4,1995274647
0,4,2058861576
4,0,2325229821
4,0,1960451048
4,0,2282883068
4,0,2251132532
0,4,2071989593
4,0,1554077213
0,4,1977996441
4,0,2017156613
0,4,1685871179
4,0,1678091393
4,0,1834222944
4,0,2194048360
4,0,2236454826
0,4,1832769582
4,0,1986920737
4,0,2263167985
0,4,1564381575
4,0,1564299946
4,0,2050398651
0,4,1794866418
4,0,1967303916
4,0,2208550278
4,0,1686460358
4,0,2031238773
4,0,2003082359
4,0,1824968536
4,0,2189571725
0,4,1564585458
0,4,2189212385
4,0,1676947102
4,0,2206140941
0,4,1883560665
0,4,2016105149
0,4,1963199198
4,0,2059895457
4,0,2302584766
4,0,2000760726
0,4,2002253983
4,0,1961920582
4,0,1979446111
0,4,1880103290
4,0,2236125408
4,0,1551649043
4,0,1977188181
4,0,2052597930
4,0,2251131530
0,4,1548812521
0,4,1998269815
0,4,1880609719
4,0,2204347552
0,4,1992996284
0,4,2002411368
0,4,2069472657
4,0,2221264266
4,0,1933168908
0,4,1552035688
4,0,2195967147
0,4,1468147480
0,4,1760360855
4,0,2229012958
4,0,2015588045
4,0,1984121255
4,0,2248489157
4,0,2325324216
4,0,2245829482
4,0,2262128269
0,4,1996193781
0,4,2053379325
0,4,1989694330
4,0,2064470782
4,0,1823416419
0,4,1469556886
0,4,2053022842
0,4,1994631126
0,4,2175222775
0,4,2178342977
4,0,1976830613
0,4,1880039125
4,0,1564539621
4,0,1985421523
0,4,2014815438
4,0,2018590004
4,0,1565834355
4,0,2062000752
0,4,1957629260
0,4,1977053537
0,4,2071967305
4,0,2298670709
4,0,1685870875
4,0,2194589757
0,4,1932774181
0,4,1563448050
4,0,1685959265
0,4,1555759472
4,0,1976969897
0,4,1989542505
4,0,1823040086
0,4,2002002173
0,4,1972098073
4,0,2053703659
0,4,2064711519
0,4,1793030207
0,4,2051373871
4,0,1693809577
4,0,2048339592
0,4,1557245708
4,0,2302270025
0,4,1972421794
0,4,2052060687
0,4,1825459103
0,4,2016122955
0,4,1995593099
0,4,2063022276
0,4,1834428893
4,0,2302196681
0,4,1564022098
4,0,1835449837
4,0,2227893229
4,0,1985995941
4,0,2174648427
4,0,2205171816
0,4,2016250485
4,0,1967935290
0,4,1991222386
4,0,1974666481
0,4,1770809502
4,0,2201820383
0,4,1573617648
4,0,1983895367
4,0,1966520559
4,0,1835014262
4,0,1966603957
4,0,2223078904
0,4,2056095063
0,4,1565687097
4,0,2067873916
4,0,2295651861
4,0,1685724986
0,4,1684875501
0,4,2014804810
0,4,2056896857
0,4,1795957203
4,0,2299300703
4,0,1551641792
4,0,1993636202
4,0,2213999563
0,4,2175636180
0,4,1980025682
4,0,2053918152
4,0,2175060446
4,0,2231822283
4,0,2251499298
0,4,1694727520
0,4,1565996758
4,0,1679207489
0,4,1975957140
0,4,2175419894
0,4,1970943057
4,0,2179791606
4,0,1979910058
4,0,1964854224
4,0,1976215769
0,4,1999484456
0,4,1996045212
4,0,2198099371
0,4,1989912915
4,0,2014218959
0,4,1970922383
0,4,2060596900
4,0,2061539967
0,4,2059116765
4,0,1986902227
0,4,2053050802
4,0,1686335394
4,0,2235443246
4,0,1795691416
0,4,1982115200
4,0,2184133270
0,4,2189960669
4,0,2054655011
0,4,1880477820
4,0,1827568025
4,0,2216862524
0,4,1834020956
0,4,2189607529
0,4,1686877455
4,0,1880758570
0,4,1971031747
4,0,2191933344
4,0,2062527327
4,0,1990982390
0,4,2067144644
0,4,1969440440
4,0,2069691691
4,0,2180540244
4,0,2235559713
4,0,1555957214
4,0,1967830429
4,0,1970889829
4,0,1969029223
0,4,1978747539
4,0,1556284618
0,4,2002065355
4,0,1880429207
4,0,1573342600
4,0,1990315085
0,4,1793204245
4,0,2200529653
0,4,1679350283
0,4,1991349719
4,0,2258098163
4,0,1550762111
4,0,1960576036
4,0,1834756238
4,0,2051876518
0,4,2191235729
0,4,1970674292
0,4,1686183338
0,4,2049286458
4,0,1882326318
4,0,2200720560
4,0,2005837024
4,0,1971955325
0,4,2014035669
0,4,2071476597
0,4,2169480658
4,0,2250682996
4,0,2259457916
4,0,2050987503
4,0,2302230182
0,4,1825240263
4,0,1981123344
0,4,1835425436
0,4,1982449367
4,0,1963462813
0,4,1755059583
0,4,1827428252
4,0,2053969766
0,4,2071159201
0,4,2060701074
4,0,2252212746
4,0,2212860208
0,4,2178933802
4,0,2195265794
4,0,2200221426
4,0,2322388642
4,0,2012820058
4,0,2175493841
0,4,1751034655
4,0,2248777170
0,4,1880895639
0,4,2016175265
0,4,2052661577
4,0,2047027958
4,0,1998253970
4,0,1997655687
4,0,1557328620
4,0,1751597521
4,0,1980082986
4,0,2297939469
4,0,1967190265
4,0,2045841787
0,4,1999647580
4,0,2014175658
0,4,1989933460
4,0,2050682617
4,0,1984730378
0,4,2064316692
0,4,1752590890
4,0,1751138541
4,0,2013864138
0,4,1974660315
4,0,2065286166
0,4,2014308011
4,0,1688972966
4,0,2262872873
4,0,2250559581
4,0,2046192749
4,0,1548853933
4,0,2003023406
0,4,2175988300
0,4,1985507265
0,4,1971268786
4,0,2238758172
4,0,1992083655
4,0,2000410619
0,4,2067741466
4,0,2199541774
0,4,2175532048
4,0,2324962569
4,0,1974832808
0,4,2015651678
0,4,1956658822
0,4,2052502305
0,4,2052989244
4,0,2046925806
0,4,1976776633
0,4,2174766697
0,4,1978438587
0,4,2012969871
0,4,1990698900
4,0,2197702001
0,4,1832659418
4,0,2044614329
4,0,1792693919
4,0,1964640319
0,4,1983710380
4,0,2197190677
0,4,1982310761
4,0,2232565262
4,0,1691269955
0,4,1881417341
4,0,2197363974
0,4,2050640153
0,4,1824201914
0,4,2051459684
0,4,2064712152
4,0,1678548313
4,0,2177750813
4,0,2262105002
0,4,2188246288
4,0,2199244712
4,0,1880858882
4,0,1971680639
4,0,1985589594
4,0,2286770297
0,4,2054561308
0,4,1558213373
4,0,2193805871
4,0,2071634979
0,4,2058045970
4,0,1992166439
4,0,2245739439
4,0,2018598033
0,4,1978263890
0,4,1969472555
4,0,2224323153
4,0,2235087403
4,0,2322212999
0,4,1979807235
0,4,1753310108
4,0,2191537233
4,0,2249928224
4,0,2018147422
0,4,1973569886
4,0,2002949566
0,4,1686335262
0,4,2052924377
4,0,2202078561
4,0,1824280719
4,0,2197209886
4,0,2185588966
0,4,2069363159
0,4,2006617540
0,4,2001588719
4,0,2206744930
0,4,1972330308
0,4,2054826273
4,0,2232218744
4,0,2253881016
4,0,2052018619
0,4,1992708505
4,0,1551298222
4,0,2205146788
4,0,1997093601
4,0,2327295672
4,0,2257757385
4,0,2328963240
4,0,2233044818
0,4,1976109543
0,4,1834952043
0,4,1979756769
4,0,1552056553
0,4,1563558073
0,4,2190399754
4,0,1827587440
0,4,1880572752
0,4,2191030535
4,0,1467810369
4,0,2263792095
4,0,1685725616
0,4,1969212179
4,0,2266127381
4,0,1979774561
4,0,2043924529
0,4,2191630764
4,0,2030747571
4,0,2051711369
4,0,2179739394
0,4,1990213029
4,0,2233650446
4,0,1981768970
4,0,2190686056
4,0,2194282806
4,0,1574106077
0,4,2003710175
0,4,1824804465
4,0,1995126681
4,0,2057998219
0,4,1565330750
4,0,1691972876
0,4,2017643225
4,0,1564779868
0,4,2176265792
4,0,1986044144
4,0,2221249487
0,4,1833400604
0,4,1986619770
0,4,1881159228
0,4,2189110215
4,0,1989363987
4,0,2236523671
4,0,1836454904
4,0,1990708030
0,4,1983952145
0,4,2188545567
0,4,1687766121
4,0,1973992565
4,0,1564317284
4,0,2006458501
0,4,2002498280
0,4,1981658974
4,0,2301379387
4,0,2215222137
0,4,1676253209
4,0,1573685091
4,0,1691339437
4,0,2070982324
4,0,2206087041
4,0,1972063802
0,4,1825438104
4,0,2252066774
4,0,2001028993
0,4,2180304073
4,0,2013545135
0,4,1880597957
4,0,2043947464
4,0,2301210133
0,4,2051339200
4,0,1548778307
4,0,2233645391
4,0,1991827117
0,4,2053858057
0,4,1979138878
4,0,2185893285
4,0,1956702799
0,4,1962158314
0,4,1548318058
4,0,2187561179
0,4,1982165892
4,0,2324467224
0,4,2188927424
0,4,1995043358
4,0,2198866663
4,0,1995997406
4,0,2248657929
4,0,1984505941
4,0,2056431988
0,4,2014452437
0,4,2045437602
4,0,2237121585
0,4,2001965645
4,0,2189779969
0,4,2189319949
4,0,1565792132
0,4,1824898282
4,0,1823834710
4,0,2285347625
4,0,2253327785
0,4,2192605352
4,0,2063292817
0,4,2067962862
0,4,2002858836
0,4,1685127332
4,0,2176171859
0,4,1963135793
0,4,2068197889
0,4,1562361914
0,4,1995958251
4,0,2263099021
0,4,2039779782
0,4,2187839029
4,0,2227046382
4,0,1994410457
4,0,1966904988
4,0,2176949122
4,0,1985167510
4,0,2199729224
4,0,2203090688
4,0,2202950124
0,4,1992271679
4,0,2302485564
0,4,1556360851
0,4,2071915457
4,0,2246116065
4,0,2217362024
4,0,2298507519
4,0,1971915406
0,4,1964814560
0,4,1794783941
4,0,2192881136
4,0,2205325551
4,0,1965887145
4,0,1564143581
4,0,1677422816
0,4,1825218926
4,0,2262400586
4,0,2054005955
0,4,1996518644
4,0,2228670370
4,0,2055307907
0,4,2063873722
4,0,1791921376
0,4,2180573618
0,4,1981724064
4,0,2031912467
4,0,1881537775
4,0,2187396329
4,0,2178080819
4,0,2226512755
0,4,2060436786
0,4,1986425026
4,0,1985194268
4,0,1964159645
0,4,2070428023
0,4,1468869955
4,0,1833427018
4,0,2321780048
4,0,2201414516
4,0,2191337892
4,0,2251000206
4,0,2063617932
4,0,1956023891
0,4,2045170497
0,4,2065026873
4,0,2247143126
4,0,2257606325
4,0,1792690185
4,0,2212259293
0,4,1676129392
4,0,2245178573
0,4,1968678347
4,0,2322446077
0,4,1967005599
0,4,2053502340
0,4,1881338312
4,0,1976558032
4,0,2048832503
4,0,2242446019
4,0,2231221308
0,4,2052494147
0,4,1556510200
4,0,1995821977
0,4,1992607102
4,0,1983976761
0,4,1975849245
4,0,1469269900
4,0,2324170871
4,0,2056951929
0,4,1964062669
0,4,2014023109
4,0,2322784179
4,0,1470091904
4,0,1999761186
4,0,1827097010
4,0,1558726445
4,0,2299585957
0,4,2054035205
0,4,1980310380
4,0,2185779090
4,0,2061625054
4,0,2232235976
0,4,2055446908
0,4,1548318089
0,4,1993540627
4,0,2066060245
4,0,2191481232
0,4,1550967980
0,4,2185600725
0,4,1979428033
0,4,1565365365
0,4,1974851818
0,4,1995018447
4,0,1994447094
4,0,1834111498
0,4,2186835783
0,4,1753631640
4,0,2234939097
4,0,1833888453
0,4,2052700840
4,0,1573804506
4,0,2060262938
4,0,1962907469
0,4,2014753660
4,0,2176936582
0,4,2069027123
4,0,2327662497
0,4,1992230245
4,0,2326206444
4,0,2049697065
0,4,1974529849
0,4,2068416130
0,4,1983326993
0,4,2188633265
0,4,2182552747
4,0,2055839962
0,4,1824637284
4,0,1960672480
4,0,2221708293
4,0,1573485260
4,0,2260735518
0,4,1979536499
0,4,1956850350
4,0,2246778230
0,4,1834897181
0,4,2057099793
0,4,1556811409
4,0,2015452967
0,4,1676808119
0,4,2050041247
0,4,1556552091
4,0,2063450478
4,0,2058246335
4,0,1984291130
0,4,2049708007
0,4,1556065268
4,0,1990349793
0,4,2060527446
4,0,2266998369
0,4,2062648927
4,0,2190016819
4,0,2215298523
4,0,2300539637
4,0,1791922600
4,0,1978859250
0,4,1977307638
4,0,2051149296
0,4,2016642645
4,0,1977915716
0,4,1822723156
4,0,1972639767
0,4,1973021025
0,4,1563830597
0,4,2069362236
4,0,1792420652
4,0,2224975367
0,4,1969356296
0,4,1995529821
4,0,2011837503
4,0,2260579525
0,4,1694812972
4,0,2176538292
0,4,2016440232
0,4,2186105344
4,0,2225050571
4,0,2064217114
0,4,1687309499
4,0,2191471767
4,0,2257442008
4,0,1983239020
4,0,1557644140
4,0,2288288873
4,0,1972425059
4,0,2066912941
4,0,2212930982
4,0,1969042202
4,0,2056446161
4,0,1759878832
0,4,2047389913
4,0,2067795339
4,0,2061826540
0,4,2187969214
4,0,1991656710
4,0,1984839312
4,0,2207573643
0,4,1760179839
4,0,1794772516
4,0,2301100349
4,0,2012261849
4,0,2262764068
4,0,2063984098
4,0,2070377275
4,0,2266407679
4,0,1991860895
0,4,2188598328
0,4,1960296107
4,0,2071700951
4,0,1986770000
0,4,2064037203
4,0,1559673443
0,4,1564564450
4,0,1974682319
0,4,2178934131
4,0,1759384052
0,4,1994724802
0,4,2063643369
4,0,2018460485
0,4,1676253081
0,4,1469367959
4,0,2250280082
4,0,1573518297
4,0,2300594071
4,0,2297795163
0,4,2191147690
0,4,2066156041
4,0,1828053716
0,4,1983204428
4,0,2223705432
4,0,1557196544
0,4,1970784918
0,4,2003079325
4,0,1882157253
0,4,2016123301
0,4,1989238668
4,0,2052854357
4,0,2225934702
0,4,2048202160
4,0,2181369491
4,0,2184619227
0,4,1693582671
0,4,2015752352
0,4,1999838272
0,4,1686528624
4,0,2264993614
4,0,1977271786
4,0,1968440555
4,0,2051022295
4,0,2328320006
0,4,2048138657
0,4,1469760459
4,0,2235737384
4,0,2000499065
4,0,2062130346
4,0,2050568792
4,0,2207735707
4,0,2207872202
4,0,1833458873
0,4,1989444879
0,4,1792117812
4,0,1753466682
4,0,1573069723
4,0,1984758729
4,0,2014987658
0,4,1973880325
4,0,1557915414
0,4,2015041851
0,4,1559356958
4,0,2053192069
4,0,2064592635
4,0,1965335930
0,4,1751324739
0,4,1995403087
4,0,2066839246
4,0,2209323778
4,0,1998876576
0,4,2064056843
4,0,2070387156
0,4,1982098562
4,0,2067108245
4,0,1677322523
4,0,2242077959
4,0,2284140605
4,0,2205113745
0,4,2014866449
4,0,2065040075
0,4,2189899888
4,0,1752416053
4,0,1980339324
4,0,2306279843
4,0,1828042867
0,4,1990293696
4,0,1989339247
0,4,1989482645
4,0,1823814469
4,0,2176019235
4,0,2059530050
4,0,1989435504
4,0,1989600229
4,0,2235556059
4,0,2258048038
0,4,1978784868
4,0,2061190288
4,0,1969333555
4,0,1753307859
4,0,2221651817
0,4,2002711429
4,0,1980177200
0,4,2175300940
4,0,2295815562
0,4,2015436008
4,0,2193676961
0,4,1680742192
4,0,1555931000
0,4,2063069686
4,0,2244975634
4,0,2195537615
0,4,1975343431
4,0,1963213660
0,4,1958093829
4,0,2321900747
4,0,2226386826
4,0,2222618533
0,4,2048638853
4,0,1978712126
4,0,1932513931
4,0,2068119426
4,0,1966981206
0,4,2191179195
4,0,1975065468
4,0,1996174614
0,4,1962045507
4,0,2230395383
4,0,2260944348
0,4,1986641242
4,0,2211575604
0,4,2000412321
0,4,1677076299
0,4,1970044676
4,0,2257677624
4,0,2252446670
0,4,1834313859
0,4,1827219343
0,4,1978172682
0,4,1824582751
4,0,1551179767
0,4,2017125217
0,4,1979632145
0,4,1932858806
0,4,1966523824
4,0,2266886369
4,0,2191407108
0,4,2189959885
4,0,2191296430
4,0,2050743136
0,4,1573252109
4,0,1825717070
4,0,1686828899
4,0,1973713053
4,0,2001495919
4,0,1971280284
4,0,2059435727
0,4,1972212044
4,0,1678810498
0,4,2180749805
4,0,1822539039
0,4,1974101945
0,4,1991456970
4,0,2295215446
0,4,2000876174
4,0,2255875547
4,0,1957472414
4,0,2054265158
4,0,1984835765
0,4,2048326477
0,4,2174661601
0,4,1932396808
0,4,2069228355
4,0,2058490718
4,0,2262289550
4,0,1973670311
4,0,1973357743
4,0,2178431762
0,4,1557092896
4,0,1551711463
0,4,1958074103
0,4,2013495503
4,0,2246556918
0,4,2190656080
4,0,1991966926
4,0,1693580220
0,4,2175134218
4,0,1980287632
4,0,1980562958
4,0,1985283107
0,4,1980398792
0,4,1956327294
0,4,2050657297
0,4,1754354042
0,4,2044930269
4,0,2187430778
0,4,1831297275
4,0,2194328264
4,0,2250659971
4,0,1555732276
0,4,1833802719
4,0,2247552784
4,0,1979365952
4,0,2063712239
0,4,1992032581
4,0,1965081394
4,0,2188583414
0,4,1835501911
4,0,2205412512
4,0,1990429095
4,0,1957301684
4,0,2053173907
0,4,2054764604
4,0,2016650325
4,0,1977536684
4,0,2230821649
4,0,2001910146
4,0,1986897510
0,4,1565294837
4,0,1883092139
4,0,2254674714
4,0,2218290302
4,0,1834340305
4,0,2071743874
4,0,2266221316
4,0,2322104955
4,0,1753211784
4,0,2284091489
4,0,1970419452
4,0,1836224843
4,0,1978028062
4,0,1759728849
0,4,2068891433
0,4,2178011071
4,0,2264134241
4,0,1564662725
4,0,1751949655
4,0,2181189423
4,0,2206989305
0,4,1996787711
4,0,1690864156
0,4,2189381504
0,4,1985366963
0,4,2008810699
0,4,2013164060
0,4,2181004906
4,0,1989055740
4,0,1974138257
4,0,2015553940
4,0,2229983448
0,4,2191147936
4,0,1986973008
0,4,2001120667
0,4,1558765395
4,0,2302828358
4,0,2018508195
4,0,2201676575
4,0,2214458746
0,4,1969783740
0,4,2002418805
0,4,1966042682
4,0,2255247470
4,0,2288473366
4,0,2016130865
0,4,1832256199
4,0,2054742785
4,0,2001032737
0,4,2190858783
4,0,2189447467
0,4,2003537756
4,0,1956355744
4,0,1990248021
0,4,2176524133
0,4,1975040504
0,4,1835974474
4,0,1957745916
4,0,2326572993
4,0,1754192209
0,4,1957065322
4,0,1933141775
4,0,2000953619
4,0,1985099724
0,4,1981564760
0,4,1881784104
4,0,2053700351
0,4,1933163201
4,0,2192742868
0,4,1997890629
4,0,2184855474
0,4,1835772659
4,0,2254953308
4,0,2002161205
4,0,2323776004
4,0,1676387727
4,0,2178714256
0,4,1983969629
0,4,1973401861
4,0,1978441286
4,0,1793873036
4,0,2217361936
0,4,2064373089
0,4,2067999430
4,0,2262952206
0,4,1956358973
4,0,1974509867
0,4,1971604877
4,0,2016990294
0,4,2189949641
4,0,2300537063
4,0,2262218376
0,4,1823969950
0,4,1835721508
4,0,2047672907
4,0,1558669355
0,4,2190784910
4,0,2247874088
4,0,2233980297
0,4,2039711243
4,0,1984530142
4,0,2047066566
0,4,2063854946
4,0,2012907990
4,0,2227948910
0,4,2176278901
4,0,1932637556
4,0,2178066902
0,4,1880381221
4,0,2053722413
4,0,1985395190
4,0,1997975253
4,0,2016608836
4,0,2207502199
0,4,1998109242
0,4,1557615386
4,0,1554461032
0,4,2012136653
4,0,1827353706
4,0,2323371111
0,4,1956072613
4,0,2064027235
0,4,2186788456
4,0,1957424709
4,0,1961479003
0,4,1969829341
4,0,1983734284
0,4,1548913969
4,0,1834702702
4,0,2252590615
4,0,2203951110
0,4,1936064597
0,4,2054022677
4,0,2207421299
0,4,1967641411
4,0,2061301194
4,0,1469172730
4,0,2002127295
0,4,2058861596
4,0,2000934159
0,4,2062434445
4,0,2324204509
4,0,2002275642
4,0,1883149671
4,0,1991527141
0,4,1992518706
4,0,2209590779
4,0,2195717122
0,4,1677642632
4,0,1990505924
4,0,1834699675
4,0,1573814783
4,0,2327936199
4,0,2056477307
4,0,2192465576
0,4,1976197547
4,0,1974908002
4,0,2186524006
0,4,1796904794
4,0,1984140584
4,0,1825734735
0,4,1993412683
0,4,2063652830
0,4,1978359765
0,4,1556361985
4,0,2250541460
0,4,1833911324
0,4,2052425245
4,0,2069871992
4,0,2226716341
0,4,1983861430
4,0,1834903824
4,0,1977752930
0,4,1974757320
4,0,1956733979
0,4,1968693796
4,0,1676424281
4,0,1977947576
4,0,2260024375
4,0,2261981689
0,4,1754602246
4,0,2205132108
0,4,2072225907
4,0,2296733027
0,4,1981801688
0,4,2051958919
4,0,2001457053
4,0,2184777853
0,4,1973468959
4,0,2000877074
4,0,2189302981
4,0,1932888053
4,0,2250969932
0,4,1880800910
0,4,2071241640
4,0,1551049117
0,4,1970148751
4,0,2063736710
4,0,1992573871
4,0,2210795943
4,0,2043892498
4,0,2010601007
4,0,1684969857
0,4,1975139302
4,0,2300744163
0,4,1882895988
0,4,1976012979
4,0,2065331597
4,0,1692095665
0,4,1824135548
0,4,1975155081
0,4,2063935126
4,0,2215327643
4,0,2228847485
0,4,1564039674
4,0,1996245626
0,4,2188927461
0,4,1677893444
4,0,2200369108
4,0,1795258508
0,4,1978674813
0,4,2047049213
4,0,2057168329
4,0,1557133612
4,0,2070415645
0,4,1968184165
4,0,2180103695
4,0,1963102339
4,0,1998341704
4,0,2185087251
4,0,2178997708
4,0,2060077501
4,0,2222293079
0,4,1989299126
4,0,2031663199
4,0,2251281815
0,4,1984716271
4,0,2049500048
0,4,1975184407
0,4,1880206985
0,4,2191866140
0,4,2064445962
4,0,2190641532
4,0,2177361767
4,0,2250223135
0,4,1974645728
4,0,1687496723
0,4,1556859702
4,0,1468305298
4,0,2017608191
4,0,2060492706
4,0,1686297721
4,0,1982303612
4,0,2253952181
0,4,1467841985
4,0,1957046815
4,0,1833234318
4,0,1835908692
0,4,1999746989
4,0,2068887260
4,0,1991303591
0,4,2053815564
4,0,2298266128
4,0,2014295746
4,0,1969865016
4,0,2056347853
4,0,2225503118
4,0,1686017212
0,4,2013067159
4,0,1981815354
0,4,1793481936
0,4,1970518051
4,0,2047935029
4,0,2200591501
4,0,2062673007
4,0,2258970366
4,0,2236416848
0,4,1976481129
4,0,2207137345
4,0,2224747509
0,4,1685727442
4,0,1989897759
4,0,1988712392
0,4,2065365119
4,0,2058161693
0,4,1832787208
0,4,2189183698
0,4,2001956856
4,0,2248232254
4,0,2003229650
0,4,1880176718
0,4,1881187433
4,0,1881060436
4,0,2266413826
4,0,1977366984
0,4,2191734280
0,4,1675862988
4,0,1828024584
0,4,1991796239
0,4,1973365696
4,0,1989741850
0,4,1956246359
4,0,1991189594
4,0,2071899923
0,4,2067998234
0,4,2054796187
0,4,1956309909
4,0,2061514319
0,4,1678265340
0,4,1468527858
4,0,1972624038
4,0,2071744089
0,4,1980454888
4,0,2284423813
4,0,2054614330
0,4,2190114249
0,4,2007164150
0,4,2049305380
4,0,2230594608
4,0,2045841638
4,0,2067502388
4,0,1971059925
0,4,1678131591
0,4,1972329512
4,0,1793933209
0,4,1548318718
4,0,2287882698
0,4,1879952416
4,0,1964972284
4,0,1557680197
0,4,1677458774
0,4,2176361006
0,4,1974381482
4,0,2260267237
4,0,2048153751
0,4,2189397908
4,0,1999622490
4,0,2175219130
4,0,2175428540
4,0,2061553277
4,0,1996192111
4,0,1969597259
4,0,1968268089
0,4,1981145763
0,4,2053746919
4,0,2014313589
4,0,2265758826
4,0,1833580364
0,4,2065576808
0,4,1468350990
4,0,1825160765
4,0,2057275827
0,4,2000428122
4,0,1692295722
4,0,2222647885
4,0,2187369128
4,0,2325312724
0,4,1981707307
4,0,1556701241
0,4,2053038659
4,0,2252926615
4,0,2323064839
0,4,1967945321
4,0,2266164979
0,4,1992455857
4,0,2187066913
0,4,1551492312
0,4,1986786468
0,4,1559068472
4,0,1565388708
0,4,2013536004
0,4,1468363696
4,0,2233003938
0,4,2056953624
0,4,1468323352
0,4,2055538669
4,0,2211257960
0,4,1975217477
4,0,2053144387
4,0,2246824825
0,4,1554166882
4,0,2016634229
0,4,2177803159
4,0,2225719175
4,0,1977621730
4,0,2233028834
4,0,2176971160
0,4,1983207574
0,4,1976972640
0,4,2053489850
0,4,2015051837
0,4,1966358186
4,0,2056074436
4,0,1982360586
4,0,1565096048
4,0,1880594299
0,4,2179083284
0,4,1676131330
0,4,1976092811
0,4,1998696896
0,4,2189886186
0,4,1574087957
4,0,2039646176
0,4,1997539608
4,0,2256729824
4,0,2066940996
0,4,2052865551
0,4,1968636206
4,0,2001270228
0,4,2190092725
4,0,1563807026
4,0,1968355065
0,4,2001179123
0,4,1989756576
4,0,2055364811
4,0,2248641047
4,0,2200928355
4,0,2044489177
4,0,1835313294
4,0,2203253480
0,4,1834516908
4,0,2237618201
4,0,1975221731
4,0,1551901677
4,0,1834855219
4,0,1564646271
0,4,2185688837
4,0,2323354170
0,4,1990113456
4,0,1972180784
4,0,2187200422
4,0,2241451480
0,4,2065958726
4,0,2285732335
4,0,2231958499
0,4,2014691453
4,0,1794908642
4,0,2300593295
4,0,2182755682
4,0,2068628581
4,0,1981742511
4,0,2217729030
4,0,2228115989
4,0,2067973002
0,4,1685031414
4,0,2176376260
4,0,1980608730
4,0,2190932190
4,0,2177578071
4,0,2204429144
0,4,1984900628
4,0,1968792376
4,0,1994089133
0,4,1979334350
4,0,2203432054
0,4,1551427323
4,0,2048255466
4,0,2069781685
4,0,2247750559
0,4,1979707351
4,0,2229429439
4,0,2198197583
0,4,2002015528
4,0,2224567632
4,0,2062785833
0,4,2047300215
0,4,2052857472
0,4,1694091113
0,4,1982166633
4,0,1557284689
0,4,1795269197
4,0,2231412512
4,0,1970747712
4,0,2229122867
4,0,1557235928
4,0,2013504283
4,0,1991270669
0,4,2177082624
4,0,1973833126
4,0,1974753768
0,4,1955950454
4,0,1793218473
4,0,2177702172
0,4,2187837589
4,0,2231577178
4,0,2189294017
0,4,2052588727
4,0,1686083547
4,0,2178613651
4,0,2219283050
4,0,2285689809
4,0,1759163629
0,4,1883640608
4,0,2179770595
4,0,2236117841
0,4,1983863774
0,4,1469586840
4,0,2229679096
4,0,2215916546
0,4,2065768783
4,0,1573322799
0,4,1970443605
4,0,2237044497
4,0,2063434732
0,4,1677909760
4,0,2255162206
0,4,2190884885
4,0,1687058162
0,4,1964524421
0,4,1827731688
4,0,1993859360
4,0,2010644681
4,0,1990391887
4,0,2054832944
0,4,2009186739
4,0,2017333211
4,0,2237351262
4,0,1966228071
0,4,1989391854
4,0,2217827568
4,0,2300590019
4,0,1550842657
4,0,2002319172
0,4,1977779735
0,4,1981375366
4,0,1961059288
4,0,1979755052
4,0,1996546073
0,4,1970529558
4,0,1879965913
0,4,1695249050
4,0,2264791389
4,0,1678905446
4,0,2064229863
4,0,2234616921
4,0,2177134563
4,0,2257994682
4,0,1991619818
4,0,2192460151
0,4,1978816189
0,4,1559129556
4,0,2248525938
0,4,1932886859
0,4,1795317308
0,4,1975201513
4,0,1992703336
0,4,2063507332
4,0,2214772931
4,0,2218976263
0,4,1960762111
0,4,2190925808
4,0,1556721843
4,0,1754902490
0,4,2175145751
0,4,1677330082
0,4,1994891699
4,0,2062438113
4,0,2070167100
4,0,2254539294
4,0,1983266668
0,4,1676972538
4,0,2183671424
0,4,2052771439
0,4,2016556999
0,4,1964708012
4,0,1563969977
4,0,2285821767
4,0,1974439106
0,4,1982770345
4,0,2001405085
0,4,2190750689
0,4,2062448130
4,0,2205861773
0,4,1468788316
0,4,1980668650
0,4,2070747966
0,4,1961922459
4,0,1969156497
4,0,2323291588
0,4,2018376280
4,0,2288117080
0,4,1969864914
4,0,1573943387
0,4,1985401668
0,4,1836133712
4,0,2015206815
4,0,1972397859
4,0,2176266034
0,4,1557782637
4,0,1972268661
0,4,1969767851
4,0,2246676433
0,4,1694401066
4,0,2323029499
4,0,1752348890
0,4,2062447973
4,0,2009275068
0,4,1971577875
4,0,1997063108
4,0,1880916014
0,4,2184946842
0,4,2175613048
0,4,1983775929
0,4,1558885636
4,0,2050821922
4,0,1966449859
4,0,1793068369
4,0,2264761004
0,4,1967870016
0,4,1880828888
4,0,2264750741
0,4,1693831043
0,4,1677187526
4,0,2232516617
4,0,2000628048
0,4,2001976060
4,0,1832353507
4,0,2197757258
4,0,1685474753
0,4,2063718381
4,0,1828032709
4,0,2205081662
4,0,2049754947
4,0,2176647991
4,0,1687216266
4,0,1977253941
4,0,2055524327
4,0,2013323587
0,4,2033645275
0,4,2062626062
0,4,1793119103
4,0,1825020589
4,0,2052620702
4,0,2196894070
0,4,2189037295
4,0,1771132710
4,0,1564463278
4,0,1963649102
4,0,2211284851
0,4,2002710750
4,0,2265386520
4,0,2251773652
4,0,2051519880
4,0,2222153716
0,4,2045170678
0,4,2049461341
4,0,2015930851
4,0,2205368898
0,4,2070208887
4,0,2218666967
4,0,2257633883
0,4,1556986559
0,4,2190993571
0,4,2193031733
4,0,2001692811
4,0,2226540661
4,0,2220651111
4,0,1684786657
0,4,1994997850
4,0,1991102365
0,4,1467823046
4,0,2015777146
4,0,2244694673
4,0,1557579492
4,0,2015424790
4,0,1882086549
0,4,2188721684
0,4,2013932949
0,4,1826036855
4,0,2235447933
4,0,2262732886
0,4,1984414713
4,0,1826029735
4,0,2049930071
0,4,1687039845
0,4,2015667870
4,0,2175423816
0,4,1557242756
0,4,2011927964
0,4,1977579125
4,0,2259289000
4,0,2234937249
4,0,2244957070
0,4,1827778353
0,4,2047790779
4,0,2266689484
0,4,1980017547
4,0,2242519915
0,4,2051243390
0,4,1970154971
4,0,2069937242
0,4,2030755804
4,0,2067697454
4,0,1965531224
4,0,1752220114
4,0,2053380691
4,0,2006459542
4,0,2059947755
4,0,2016999562
4,0,2016626393
4,0,2226826327
4,0,2005008598
4,0,2190089192
0,4,1753954293
4,0,1981391396
4,0,2066784190
4,0,2222797168
0,4,2188614048
4,0,1558066637
0,4,1969209470
0,4,1557388067
0,4,2065697920
4,0,2241035564
0,4,2188341779
0,4,2047856380
0,4,1973809367
4,0,2062112969
0,4,1989824831
4,0,2249015598
4,0,2007794059
0,4,1836189437
0,4,2176348547
4,0,1972824990
0,4,1933020610
4,0,1825038421
0,4,1957053685
0,4,1685919168
4,0,2016094787
4,0,2286771606
0,4,1972212603
4,0,2241582160
4,0,1793495497
4,0,2062512680
0,4,1956277054
0,4,2067470870
0,4,2067470521
0,4,2181703292
4,0,2286007889
0,4,2188849060
4,0,2049852974
4,0,1999008321
0,4,1997048398
0,4,1880294252
4,0,2011628768
0,4,2055997262
4,0,1990436133
4,0,1974558426
4,0,1974789226
0,4,1964396263
4,0,2214278368
4,0,1992219194
4,0,2000761412
4,0,2234715177
4,0,1985947398
4,0,1961515560
4,0,2072406394
4,0,2257715156
4,0,1556794166
4,0,2325291014
4,0,1966127869
4,0,2197818947
4,0,2238015479
0,4,1980400672
4,0,2178801392
4,0,1971353515
0,4,1824544773
4,0,2245770685
0,4,2188897998
0,4,1990969320
4,0,1986163450
0,4,1998433269
4,0,1957086444
4,0,2328999399
0,4,1553773447
0,4,1692528269
0,4,2052447363
4,0,1995287167
4,0,2261132517
4,0,2206436240
4,0,2071909765
4,0,2014767948
4,0,2071650128
0,4,1968679229
4,0,1881246469
0,4,2185145207
4,0,2259058791
4,0,1557029129
4,0,1969469342
0,4,1677055474
4,0,1881833457
4,0,1693203970
4,0,1985140663
0,4,2055509594
4,0,1469315904
4,0,1880945920
4,0,1881926072
0,4,2000791379
4,0,1964127614
4,0,1964246804
4,0,1963531079
0,4,2064200474
4,0,2285180687
0,4,1980566488
0,4,2186362818
0,4,2000790215
4,0,1826057919
4,0,2176689182
0,4,1978639293
4,0,2216762051
0,4,1965563541
0,4,1823818049
4,0,1834399328
0,4,2066029664
4,0,1795501115
4,0,2214503946
4,0,2286221187
0,4,2177484548
0,4,1998672713
4,0,2008071761
4,0,2221074235
0,4,2062501982
0,4,2063279152
4,0,2069989234
4,0,2178641402
4,0,1822461923
0,4,2179629746
4,0,1792352669
4,0,2263089155
4,0,2232162007
4,0,2057818739
4,0,1996606351
4,0,2251369112
4,0,2182037080
4,0,2182877447
0,4,1836226421
0,4,2031180864
0,4,2061198652
4,0,1824970227
4,0,1963408939
0,4,2186315852
4,0,2217247226
4,0,2213586628
4,0,2016050359
4,0,2204250730
4,0,2186073054
0,4,1564503761
0,4,2062303571
4,0,1468141439
4,0,2058842903
0,4,1975311014
4,0,1968808631
0,4,1563758374
4,0,1990297488
4,0,2209360951
4,0,1974017254
4,0,2060364418
0,4,1970792485
0,4,1553240921
4,0,1972614327
0,4,2052551115
4,0,2325554288
4,0,2220730856
4,0,1553552300
4,0,2066899300
4,0,2237252529
0,4,1968025577
0,4,1827994387
0,4,2052719106
4,0,2018630688
4,0,2001034271
4,0,2217050969
4,0,2253775235
0,4,2052907212
4,0,1977753126
0,4,2001577743
4,0,2216667714
4,0,1792887601
0,4,2055072550
4,0,2071604502
4,0,2201672382
4,0,1970769559
4,0,2254191261
0,4,2015151444
4,0,1879914989
0,4,2178933785
0,4,2193453250
4,0,2288758190
4,0,2249525114
0,4,1989903419
0,4,1695618512
0,4,2061904935
4,0,2238400338
4,0,2052822329
4,0,1980739127
4,0,2321411312
4,0,1996478583
0,4,2175276118
0,4,1563513464
4,0,1795267023
4,0,2202319711
4,0,1755478324
4,0,1770739238
4,0,2190671657
4,0,2066919710
4,0,2015711618
0,4,1976531735
4,0,2244574497
4,0,2208475329
4,0,2048063423
0,4,2066463494
4,0,2017326992
4,0,1883343138
4,0,1960864881
0,4,2064594138
0,4,1974150776
4,0,1997556674
4,0,1965698138
4,0,2044616887
4,0,2014720087
0,4,1983970733
4,0,2235393425
4,0,2221401435
0,4,2052541939
4,0,1881019472
4,0,1822897576
0,4,2175838811
4,0,1979626394
4,0,2071869206
4,0,2323067540
4,0,1973021054
4,0,1964873466
4,0,2299850927
0,4,1559677492
4,0,2322815267
0,4,1962798803
0,4,1684847233
4,0,2265802223
4,0,2174809480
0,4,2013470451
0,4,2015722464
0,4,2002830925
4,0,2014908428
0,4,2003129899
0,4,1678052959
4,0,2186549606
4,0,2064302406
4,0,1882256356
4,0,2262241835
4,0,2178854424
0,4,1971017104
4,0,2254356728
4,0,2236545869
4,0,1991756511
0,4,1980311345
4,0,1755439354
4,0,2182503610
0,4,1827584721
4,0,1957015475
4,0,2254069481
0,4,1967904382
4,0,2193975180
0,4,1677579918
0,4,1468956216
0,4,1792325654
4,0,2266708551
0,4,2063383383
4,0,2239484459
4,0,1564539484
4,0,2194073328
4,0,2247364141
4,0,2189823422
4,0,1992501732
0,4,1687184919
4,0,2222229440
4,0,1695727287
0,4,1970370261
4,0,2072213230
0,4,1694222692
4,0,1835149415
0,4,1999390533
4,0,2222044363
0,4,2014825212
4,0,2062211188
0,4,2059232262
0,4,1965544428
0,4,2052173376
0,4,1467916714
0,4,2190362980
4,0,1995882826
0,4,2182890128
0,4,1995192416
4,0,1996781965
0,4,1971112157
4,0,1753665095
4,0,1982747550
4,0,2264865286
4,0,1793985887
0,4,1967005106
4,0,2057326345
0,4,1824246100
4,0,2301984483
4,0,1966437497
4,0,2039678872
4,0,2052280715
0,4,1563796454
4,0,2213196583
4,0,2008251320
0,4,1835548598
4,0,2189411241
0,4,1975533891
4,0,2262156029
4,0,2044050625
4,0,2187856818
4,0,2056748199
0,4,1990670887
4,0,2244282603
0,4,1824203706
4,0,2251176695
4,0,2215441425
4,0,2326765472
4,0,2204406702
4,0,2261670244
0,4,1972987530
0,4,1961113314
0,4,1827939149
0,4,1692216922
0,4,2071795540
4,0,1564081779
4,0,1991136022
0,4,1685006271
4,0,2224213902
4,0,2228807283
4,0,1994400912
4,0,1976905800
4,0,2243143982
0,4,1970470700
4,0,2196209439
0,4,2013683586
0,4,2065663298
4,0,1564070541
4,0,2063518053
0,4,2001771572
4,0,1751489415
4,0,1770971104
0,4,2033595822
4,0,2203840337
4,0,2066976822
0,4,1880771065
4,0,1989675053
4,0,2265999433
4,0,1998665646
4,0,1977972347
4,0,2071552781
4,0,1932488838
4,0,2202655665
4,0,2323773945
4,0,1882260940
4,0,1966904964
4,0,2016568955
4,0,1676579153
0,4,1957125696
4,0,2248694994
4,0,1691119156
4,0,1973528321
4,0,2176742615
4,0,2181915988
4,0,1823841605
0,4,1556723578
4,0,1977456179
4,0,2229835356
0,4,1972294343
4,0,2192664894
4,0,2175423138
4,0,1572880014
4,0,1881838716
4,0,1976531578
4,0,2238917594
0,4,1548499336
4,0,2327292073
0,4,1961152410
4,0,2191568868
0,4,1677686886
0,4,1834375554
4,0,2219152819
0,4,1694954454
4,0,1984070205
4,0,2056236919
0,4,1995592533
4,0,2242235405
0,4,1967621226
4,0,1822358341
0,4,1961767016
0,4,1694835175
4,0,1974163980
0,4,2179605004
0,4,1880755293
4,0,1968933919
4,0,2263148521
0,4,2001077413
4,0,1988771138
4,0,1985132677
0,4,2067799777
0,4,1694203788
0,4,1881929786
4,0,2060937765
4,0,2222302314
4,0,1692812547
0,4,2069863475
0,4,1963243460
4,0,2226437137
4,0,1997045116
4,0,1825556778
0,4,1988736262
0,4,1961552457
4,0,2218674847
4,0,2224072266
0,4,2176526413
4,0,1695055152
0,4,2067586792
4,0,2300740145
0,4,1975939493
4,0,1833609162
0,4,2062725172
4,0,2324861063
0,4,1686267004
0,4,2013805585
0,4,2000827514
0,4,1796857377
0,4,2001437337
0,4,1990550287
4,0,1983703186
0,4,1823541633
0,4,2062797552
4,0,2062462844
0,4,1980552206
4,0,2052406333
4,0,1963228517
4,0,1573359893
4,0,2203226114
4,0,1983050211
4,0,1975974650
4,0,2175847582
4,0,1955981915
0,4,1985400868
4,0,1693570707
4,0,1970907096
0,4,2179031720
4,0,2267221052
4,0,2046467230
0,4,2003312248
4,0,1932894075
4,0,2019063353
4,0,1823711653
0,4,2016399431
4,0,2054003614
4,0,2263316622
4,0,1976254214
0,4,2064742609
0,4,2187819408
4,0,2198581070
0,4,1882248866
4,0,2249434032
4,0,1964848828
4,0,1973600281
4,0,2069097190
0,4,2174660802
4,0,2012552114
4,0,2224821088
4,0,1993416833
0,4,1976972661
4,0,2225438104
0,4,1833647435
0,4,2002777609
0,4,2002153594
4,0,2300697824
0,4,1573252988
0,4,2070407635
4,0,1679154843
0,4,2059648459
4,0,1957738949
4,0,1991145912
4,0,1553179544
4,0,2056515412
4,0,2002434115
4,0,2052145882
0,4,2190046061
0,4,1974201413
0,4,2178740924
0,4,2056371849
4,0,2015491890
4,0,2264637819
0,4,2053816641
0,4,1957542093
4,0,2191959318
4,0,2200144904
0,4,2060000387
4,0,1793306788
4,0,2054371561
4,0,1469332239
0,4,2004452778
4,0,2254598772
0,4,2192768638
0,4,1956587269
4,0,1978525707
4,0,1836031467
4,0,2053791115
0,4,1882466664
4,0,1981613499
4,0,2175447381
0,4,1958097406
4,0,1826374428
4,0,2057402708
0,4,2055323546
0,4,2017684590
4,0,1557870131
4,0,1990707499
4,0,1794214082
4,0,2206036164
0,4,1981788047
0,4,1979805165
0,4,2057993029
0,4,1986156092
4,0,2000094353
4,0,2286138542
0,4,2054609470
0,4,1677809658
4,0,1981494013
4,0,2199660687
4,0,2262818364
0,4,1678944638
4,0,2056400155
0,4,1676827338
4,0,1836173778
4,0,1980822577
4,0,2199456316
4,0,1985478051
0,4,2183022073
0,4,1982856159
4,0,2183073196
4,0,2263157114
4,0,2267033363
4,0,1962935019
4,0,2199899652
4,0,2199901832
4,0,2299163723
0,4,1973400421
4,0,2203735455
4,0,2063570108
0,4,1695163882
0,4,2001820779
0,4,2044930613
0,4,2067939553
0,4,1825067071
0,4,2066047292
0,4,1564038345
0,4,2177409655
0,4,2003263095
4,0,2018499466
4,0,1961084039
4,0,2250813468
0,4,1828076023
4,0,1824261936
0,4,2018463133
0,4,1996954921
0,4,1991478224
4,0,1771198039
0,4,2065784778
4,0,2053835647
4,0,2176031149
4,0,2062354960
4,0,2201302800
0,4,1985101337
4,0,2285378158
4,0,2286451238
4,0,2174757151
4,0,1684896033
4,0,2238941188
4,0,2066881947
0,4,1792421251
4,0,1825339978
0,4,1991137055
0,4,1977080525
4,0,2264458944
4,0,1792935004
4,0,2017391462
0,4,2053349903
4,0,2240630995
4,0,2203281875
4,0,1557994455
4,0,2054174641
0,4,2015050080
0,4,1677093740
4,0,2175120654
4,0,1695403228
4,0,1988961775
4,0,1822828419
4,0,2227507082
0,4,1984733349
0,4,2188416783
0,4,1755708109
4,0,2198890603
4,0,2203584431
4,0,1686920875
4,0,1678752734
4,0,2178930669
0,4,1990224474
4,0,1974234356
4,0,2216339928
0,4,2188751676
4,0,2192050550
0,4,1573385524
0,4,1984518086
0,4,1932397291
4,0,2211285481
4,0,2071779738
4,0,1975048599
4,0,1759122182
4,0,2303069994
0,4,1685030594
4,0,2259537901
0,4,1771004434
0,4,2184530537
4,0,2235034671
0,4,2055619526
0,4,1983589353
0,4,1990936376
0,4,1833380117
0,4,1881451798
0,4,2052880870
4,0,2235136977
4,0,1983327129
0,4,1834830511
0,4,2056208327
4,0,2285477616
0,4,1684927674
4,0,2299697792
4,0,1982818445
4,0,2298574717
0,4,1557632526
4,0,2210612389
4,0,2244535396
4,0,1985629149
4,0,2176341965
4,0,1692922563
4,0,1553301492
4,0,1556395137
4,0,2050405413
4,0,2218053895
0,4,2185286666
4,0,2062201491
4,0,2224037151
4,0,2286574186
4,0,1833818886
4,0,1962702878
0,4,1564297902
0,4,1957690280
4,0,2215070867
4,0,2241968879
0,4,1967115595
0,4,2177843764
4,0,1956099550
4,0,2299765516
4,0,2222873077
0,4,2175587142
0,4,2175873308
0,4,2012722962
4,0,2001684058
4,0,2263865121
4,0,2204637855
4,0,2253441557
4,0,2237294763
4,0,2325219425
0,4,2178232307
4,0,2060643546
4,0,2215243571
4,0,2233071034
0,4,1969791643
4,0,2013760796
0,4,1973879330
4,0,1976102785
4,0,2230591381
4,0,2288474056
0,4,2188719270
4,0,2199471542
0,4,1752321034
4,0,1997064547
0,4,1985892780
4,0,1882404021
0,4,2013288726
0,4,2061848594
4,0,1983544400
4,0,2241028778
4,0,2301835859
4,0,2224161787
4,0,2213709266
0,4,1693609326
0,4,2000351448
0,4,2001525830
0,4,2054047875
4,0,2299300371
0,4,2188228092
4,0,2238002726
4,0,2246978155
4,0,2209241909
4,0,1573017331
0,4,1563796075
4,0,2177170940
4,0,1933065105
0,4,1957123386
4,0,1469783570
4,0,1564363153
4,0,2002436272
4,0,2071470642
4,0,2297924984
4,0,2000937602
4,0,2214603524
4,0,2217418177
4,0,2285852802
4,0,2008678162
4,0,2066260331
4,0,2228212831
4,0,2235278370
4,0,2296033934
